IESNA:LM-63-1995
[TEST] RSPF138CC2
[TESTLAB] SILVERSUN I+D LED
[TESTDATE] 2016-11-28
[MANUFAC] SILVERSUN 
[LUMCAT] RSPF138CC2
[LUMINAIRE] Spot 10W 3000K-5000K 38ş
TILT=NONE
1 -1 1.3 91 9 1 2 -0.095 -0.095 0.052  
1 1 10.3
0. 1. 2. 3. 4. 5. 6. 7. 8. 9. 10. 11. 12. 13. 14. 15. 16. 17. 18. 19. 20. 21. 22. 23. 24. 25. 26. 27. 28. 29. 30. 31. 32. 33. 34. 35. 36. 37. 38. 39. 40. 41. 42. 43. 44. 45. 46. 47. 48. 49. 50. 51. 52. 53. 54. 55. 56. 57. 58. 59. 60. 61. 62. 63. 64. 65. 66. 67. 68. 69. 70. 71. 72. 73. 74. 75. 76. 77. 78. 79. 80. 81. 82. 83. 84. 85. 86. 87. 88. 89. 90. 
0. 45. 90. 135. 180. 225. 270. 315. 360. 
1157.399 1162.43 1158.225 1134.812 1117.554 1095.789 1083.174 1045.195 1027.399 990.597 969.0 918.473 888.769 841.606 809.008 764.2 729.685 679.36 644.341 596.067 561.62 513.01 480.278 433.384 402.704 361.496 331.421 304.072 278.135 251.392 226.532 208.198 188.956 171.564 157.503 144.013 130.893 121.34 112.492 103.477 97.388 91.265 85.412 80.164 76.094 71.889 67.751 64.656 60.855 58.264 55.203 52.882 50.056 47.567 45.649 43.698 41.276 39.359 36.937 34.817 32.664 28.964 24.759 21.563 18.468 16.82 15.575 14.465 13.523 12.548 11.639 10.899 10.193 9.52 8.746 8.141 7.502 7.031 6.56 6.122 5.719 5.315 4.878 4.609 4.272 3.936 3.599 3.229 3.162 3.162 3.162 
1157.399 1165.761 1162.935 1109.716 1131.347 1103.762 1060.064 1072.41 1010.108 993.557 969.774 900.644 899.265 831.076 791.314 773.855 706.642 692.311 643.5 597.379 576.421 517.888 486.468 453.097 399.273 375.826 336.265 298.891 281.331 245.471 225.287 205.978 180.041 169.714 151.515 136.982 130.019 115.251 108.556 102.03 93.183 90.021 82.99 77.607 75.892 69.769 67.011 64.454 61.427 56.515 55.439 51.839 49.081 48.24 44.338 43.429 41.142 37.912 37.004 35.087 32.463 30.276 29.031 26.004 23.716 19.713 16.887 15.508 14.331 12.951 12.48 11.438 10.563 10.058 9.251 8.612 8.208 7.636 7.165 6.762 6.257 5.921 5.517 5.248 4.878 4.407 3.936 3.599 3.229 3.095 3.095 
1157.399 1168.149 1149.075 1109.01 1088.624 1107.9 1045.733 1024.91 1018.014 988.175 922.072 917.531 884.564 836.257 793.837 755.05 703.682 688.241 627.083 591.929 560.308 500.664 477.15 442.5 398.029 366.676 327.586 300.775 283.451 247.187 226.801 214.791 194.338 174.894 166.552 148.218 138.429 128.438 121.104 112.29 106.101 95.807 89.886 84.773 81.342 77.843 70.879 67.213 65.497 62.234 58.534 56.515 51.772 51.234 47.836 45.279 44.405 40.738 39.022 37.778 34.313 32.261 30.041 25.768 22.001 19.377 18.199 16.82 15.643 14.062 13.456 12.279 11.505 10.765 9.857 9.184 8.612 7.939 7.367 6.829 6.425 5.988 5.517 5.181 4.811 4.474 4.07 3.667 3.431 3.364 3.364 
1157.399 1174.372 1181.0 1156.039 1156.98 1129.698 1111.499 1073.452 1033.185 1011.958 969.37 942.593 903.806 864.851 814.256 776.68 755.117 715.523 672.464 629.64 587.253 543.353 499.419 459.724 421.105 381.007 347.703 314.702 285.536 258.994 233.832 211.831 191.075 174.188 158.478 145.19 127.596 118.009 108.725 100.987 94.36 88.17 82.519 78.381 73.638 69.837 66.809 62.739 61.898 58.264 55.573 52.815 49.619 47.298 45.212 44.741 41.646 39.695 37.845 35.692 33.236 31.924 28.392 25.634 21.563 17.93 16.147 15.239 14.398 13.389 12.548 11.639 10.462 9.991 9.184 8.679 8.074 7.502 6.963 6.425 6.055 5.719 5.315 4.979 4.676 4.205 3.869 3.599 3.229 3.095 3.095 
1157.399 1157.149 1157.485 1143.087 1144.601 1108.135 1107.631 1063.798 1035.876 1003.279 976.872 952.752 902.023 878.643 825.021 795.721 756.967 713.269 668.662 629.909 598.826 558.088 520.445 480.211 446.201 410.845 374.783 339.562 312.011 288.16 258.994 236.994 215.632 198.24 180.613 165.509 153.869 140.75 129.178 120.902 111.685 104.99 98.027 92.106 85.883 81.476 76.867 73.201 68.996 65.06 62.671 59.274 56.953 53.824 49.35 47.432 44.607 42.588 40.334 38.888 36.668 34.414 31.857 30.612 28.19 24.692 21.563 18.267 16.753 15.441 14.062 13.153 12.211 11.438 10.698 9.924 9.318 8.814 8.275 7.737 7.233 6.829 6.493 6.055 5.719 5.382 4.878 4.34 3.936 3.431 3.364 
1157.399 1173.33 1124.787 1137.503 1132.726 1096.26 1090.743 1047.247 1012.295 1017.004 952.046 917.464 898.491 869.19 805.207 792.592 739.676 692.311 673.406 604.006 576.556 540.931 483.239 459.926 413.604 373.976 350.865 307.57 278.64 257.413 232.183 209.409 195.785 171.564 161.775 149.799 132.777 127.395 115.823 107.614 101.593 91.198 88.709 83.696 77.002 72.797 70.24 65.06 62.94 60.182 56.717 54.261 50.662 47.5 47.029 43.698 41.444 40.536 37.071 36.533 34.481 31.79 29.166 25.432 21.563 18.67 16.685 15.508 14.6 13.456 12.48 12.009 10.967 10.126 9.587 8.612 8.074 7.737 7.031 6.627 6.19 5.786 5.248 4.878 4.609 4.34 4.003 3.667 3.364 3.297 3.297 
1157.399 1184.7 1155.265 1166.568 1167.88 1106.386 1113.551 1090.878 1065.782 1004.591 969.505 966.881 906.06 866.768 847.122 790.002 733.184 710.578 671.354 612.484 591.324 536.928 492.893 457.437 414.008 385.884 338.116 304.913 281.802 254.15 223.269 208.669 182.262 165.24 153.298 134.627 126.924 116.428 105.125 101.761 95.201 86.085 83.965 78.919 74.513 68.996 68.188 63.344 60.182 57.491 54.732 52.445 50.527 47.096 45.851 43.631 41.007 39.762 37.576 34.683 32.664 31.352 28.527 26.004 23.514 19.578 16.282 15.306 13.725 12.951 12.144 11.505 10.63 9.857 9.184 8.545 7.872 7.367 7.031 6.425 6.122 5.786 5.315 4.878 4.609 4.272 3.869 3.599 3.162 3.028 2.96 
1157.399 1159.47 1148.301 1135.417 1131.75 1097.169 1078.835 1053.302 1022.353 984.441 961.364 919.381 889.172 853.951 807.696 770.289 728.979 689.418 642.894 604.477 565.825 523.001 484.551 452.963 413.536 376.734 348.174 316.822 292.971 261.82 236.321 217.348 197.029 179.705 165.845 152.053 140.682 130.019 119.59 112.089 104.217 97.556 90.862 85.748 80.736 76.531 72.595 68.592 64.858 62.167 58.601 56.381 52.613 50.662 47.769 45.784 44.405 41.512 39.762 37.71 35.557 33.236 30.882 27.854 24.456 20.689 18.199 16.887 15.71 14.465 13.658 12.615 11.942 10.967 10.193 9.453 8.814 8.208 7.569 7.098 6.694 6.257 5.853 5.45 5.113 4.743 4.272 3.801 3.364 3.297 3.297 
1157.399 1162.43 1158.225 1134.812 1117.554 1095.789 1083.174 1045.195 1027.399 990.597 969.0 918.473 888.769 841.606 809.008 764.2 729.685 679.36 644.341 596.067 561.62 513.01 480.278 433.384 402.704 361.496 331.421 304.072 278.135 251.392 226.532 208.198 188.956 171.564 157.503 144.013 130.893 121.34 112.492 103.477 97.388 91.265 85.412 80.164 76.094 71.889 67.751 64.656 60.855 58.264 55.203 52.882 50.056 47.567 45.649 43.698 41.276 39.359 36.937 34.817 32.664 28.964 24.759 21.563 18.468 16.82 15.575 14.465 13.523 12.548 11.639 10.899 10.193 9.52 8.746 8.141 7.502 7.031 6.56 6.122 5.719 5.315 4.878 4.609 4.272 3.936 3.599 3.229 3.162 3.162 3.162 
